Time	H2O2(8.8mM)_1	H2O2(8.8mM)_2	H2O2(8.8mM)_3	H2O2(4.4mM)_1	H2O2(4.4mM)_2	H2O2(4.4mM)_3	H2O2(2.2mM)_1	H2O2(2.2mM)_2	H2O2(2.2mM)_3	H2O2(1.1mM)_1	H2O2(1.1mM)_2	H2O2(1.1mM)_3	H2O2(0.55mM)_1	H2O2(0.55mM)_2	H2O2(0.55mM)_3	H2O2(0.275mM)_1	H2O2(0.275mM)_2	H2O2(0.275mM)_3	H2O2(0.135mM)_1	H2O2(0.135mM)_2	H2O2(0.135mM)_3	H2O2(0mM)_1	H2O2(0mM)_2	H2O2(0mM)_3
0:00:00	0.094	0.102	0.102	0.091	0.102	0.109	0.091	0.103	0.102	0.09	0.102	0.103	0.091	0.102	0.102	0.091	0.102	0.091	0.091	0.091	0.094	0.09	0.091	0.091
0:20:00	0.099	0.093	0.093	0.093	0.094	0.092	0.096	0.096	0.093	0.094	0.094	0.093	0.094	0.095	0.094	0.096	0.099	0.094	0.095	0.096	0.102	0.098	0.1	0.093
0:40:00	0.115	0.092	0.093	0.093	0.093	0.092	0.095	0.097	0.092	0.093	0.093	0.093	0.094	0.095	0.093	0.095	0.1	0.093	0.1	0.096	0.096	0.098	0.097	0.093
1:00:00	0.117	0.092	0.092	0.093	0.092	0.092	0.095	0.096	0.092	0.093	0.093	0.092	0.094	0.095	0.093	0.095	0.099	0.093	0.102	0.097	0.096	0.096	0.097	0.096
1:20:00	0.094	0.092	0.092	0.093	0.092	0.092	0.095	0.096	0.092	0.093	0.094	0.095	0.095	0.096	0.094	0.094	0.1	0.094	0.097	0.094	0.096	0.093	0.099	0.093
1:40:00	0.114	0.092	0.092	0.092	0.092	0.091	0.095	0.097	0.092	0.094	0.095	0.096	0.095	0.096	0.095	0.097	0.101	0.094	0.103	0.095	0.097	0.096	0.1	0.097
2:00:00	0.094	0.092	0.092	0.092	0.092	0.091	0.095	0.096	0.092	0.094	0.095	0.095	0.095	0.097	0.095	0.097	0.101	0.095	0.096	0.096	0.098	0.095	0.101	0.097
2:20:00	0.116	0.092	0.092	0.093	0.092	0.092	0.095	0.097	0.093	0.095	0.096	0.096	0.096	0.098	0.096	0.1	0.102	0.097	0.108	0.097	0.1	0.096	0.102	0.098
2:40:00	0.096	0.092	0.092	0.093	0.092	0.092	0.095	0.097	0.093	0.095	0.096	0.096	0.097	0.099	0.097	0.101	0.103	0.097	0.097	0.098	0.101	0.096	0.103	0.099
3:00:00	0.097	0.092	0.092	0.092	0.093	0.092	0.096	0.097	0.093	0.096	0.097	0.097	0.098	0.1	0.098	0.102	0.104	0.098	0.1	0.099	0.102	0.097	0.104	0.1
3:20:00	0.097	0.092	0.092	0.092	0.092	0.092	0.096	0.097	0.093	0.096	0.097	0.097	0.098	0.101	0.099	0.103	0.106	0.099	0.111	0.101	0.104	0.098	0.105	0.101
3:40:00	0.097	0.092	0.092	0.092	0.093	0.092	0.096	0.097	0.093	0.097	0.098	0.098	0.099	0.102	0.1	0.104	0.107	0.1	0.116	0.102	0.106	0.099	0.109	0.102
4:00:00	0.095	0.092	0.092	0.093	0.092	0.092	0.096	0.097	0.093	0.098	0.099	0.099	0.1	0.103	0.101	0.105	0.109	0.102	0.1	0.103	0.108	0.104	0.113	0.103
4:20:00	0.098	0.092	0.092	0.092	0.092	0.092	0.095	0.097	0.093	0.099	0.1	0.099	0.102	0.105	0.103	0.106	0.111	0.103	0.127	0.105	0.11	0.106	0.111	0.104
4:40:00	0.093	0.092	0.092	0.093	0.092	0.092	0.095	0.097	0.093	0.1	0.101	0.101	0.103	0.106	0.104	0.109	0.113	0.105	0.122	0.107	0.113	0.105	0.115	0.105
5:00:00	0.093	0.092	0.092	0.092	0.092	0.092	0.095	0.097	0.093	0.101	0.102	0.101	0.105	0.108	0.106	0.111	0.116	0.107	0.131	0.11	0.116	0.111	0.117	0.107
5:20:00	0.094	0.092	0.092	0.092	0.092	0.092	0.096	0.098	0.093	0.102	0.103	0.102	0.107	0.111	0.108	0.113	0.119	0.109	0.125	0.113	0.12	0.114	0.121	0.108
5:40:00	0.094	0.092	0.092	0.092	0.092	0.092	0.096	0.098	0.093	0.104	0.104	0.103	0.11	0.114	0.111	0.112	0.123	0.112	0.133	0.116	0.124	0.115	0.126	0.111
6:00:00	0.096	0.092	0.092	0.092	0.092	0.092	0.096	0.098	0.093	0.105	0.106	0.104	0.113	0.117	0.114	0.115	0.127	0.115	0.124	0.12	0.129	0.118	0.131	0.113
6:20:00	0.097	0.092	0.093	0.093	0.092	0.092	0.096	0.098	0.094	0.107	0.109	0.107	0.116	0.122	0.119	0.121	0.133	0.121	0.134	0.125	0.139	0.124	0.142	0.116
6:40:00	0.095	0.092	0.092	0.093	0.093	0.092	0.096	0.098	0.094	0.109	0.111	0.109	0.12	0.126	0.123	0.125	0.138	0.125	0.128	0.131	0.146	0.128	0.149	0.119
7:00:00	0.094	0.092	0.092	0.093	0.093	0.092	0.096	0.098	0.094	0.111	0.113	0.111	0.124	0.131	0.127	0.13	0.145	0.13	0.126	0.137	0.154	0.135	0.156	0.123
7:20:00	0.097	0.092	0.092	0.093	0.092	0.092	0.096	0.099	0.094	0.114	0.116	0.113	0.128	0.137	0.132	0.136	0.152	0.136	0.15	0.144	0.163	0.142	0.167	0.127
7:40:00	0.095	0.092	0.092	0.093	0.092	0.092	0.097	0.099	0.094	0.116	0.119	0.115	0.133	0.143	0.138	0.142	0.16	0.143	0.156	0.153	0.173	0.15	0.177	0.131
8:00:00	0.096	0.092	0.092	0.097	0.093	0.092	0.096	0.099	0.094	0.119	0.122	0.119	0.139	0.15	0.144	0.15	0.17	0.151	0.164	0.163	0.186	0.157	0.188	0.136
8:20:01	0.095	0.092	0.091	0.093	0.092	0.092	0.097	0.099	0.094	0.122	0.126	0.122	0.146	0.158	0.152	0.158	0.182	0.161	0.172	0.174	0.2	0.165	0.2	0.142
8:40:01	0.093	0.092	0.091	0.092	0.092	0.091	0.096	0.099	0.093	0.124	0.129	0.125	0.151	0.163	0.158	0.163	0.192	0.167	0.177	0.186	0.204	0.162	0.204	0.148
9:00:01	0.094	0.092	0.091	0.092	0.092	0.092	0.096	0.099	0.094	0.128	0.133	0.13	0.159	0.173	0.168	0.172	0.206	0.179	0.194	0.201	0.218	0.172	0.216	0.156
9:20:01	0.096	0.092	0.092	0.093	0.093	0.092	0.097	0.1	0.094	0.134	0.141	0.135	0.171	0.188	0.182	0.19	0.225	0.197	0.215	0.219	0.243	0.193	0.244	0.166
9:40:01	0.097	0.092	0.091	0.092	0.092	0.092	0.097	0.1	0.095	0.139	0.148	0.141	0.181	0.2	0.194	0.203	0.243	0.212	0.23	0.236	0.259	0.207	0.26	0.175
10:00:01	0.092	0.092	0.091	0.095	0.092	0.092	0.097	0.1	0.095	0.145	0.155	0.147	0.192	0.213	0.208	0.217	0.26	0.228	0.245	0.257	0.274	0.22	0.273	0.186
10:20:03	0.093	0.092	0.091	0.093	0.092	0.092	0.098	0.1	0.095	0.151	0.163	0.154	0.204	0.227	0.222	0.231	0.274	0.244	0.183	0.275	0.288	0.235	0.281	0.198
10:40:01	0.096	0.092	0.092	0.092	0.093	0.092	0.098	0.101	0.095	0.158	0.172	0.164	0.217	0.241	0.238	0.245	0.292	0.261	0.265	0.294	0.3	0.252	0.291	0.211
11:00:01	0.096	0.092	0.091	0.092	0.093	0.092	0.098	0.102	0.095	0.165	0.182	0.173	0.233	0.254	0.256	0.259	0.309	0.279	0.232	0.31	0.312	0.263	0.3	0.202
11:20:01	0.095	0.091	0.091	0.092	0.092	0.092	0.097	0.101	0.095	0.171	0.19	0.183	0.241	0.259	0.266	0.266	0.325	0.288	0.241	0.33	0.307	0.262	0.292	0.213
11:40:01	0.096	0.091	0.091	0.092	0.093	0.092	0.098	0.102	0.096	0.185	0.207	0.196	0.255	0.272	0.287	0.285	0.342	0.313	0.237	0.343	0.333	0.295	0.324	0.233
12:00:01	0.093	0.092	0.092	0.093	0.093	0.092	0.098	0.102	0.096	0.197	0.219	0.209	0.272	0.281	0.304	0.3	0.357	0.333	0.27	0.363	0.347	0.31	0.343	0.248
12:20:01	0.093	0.091	0.092	0.092	0.093	0.092	0.099	0.102	0.096	0.21	0.232	0.222	0.283	0.293	0.316	0.31	0.375	0.365	0.28	0.386	0.384	0.328	0.349	0.27
12:40:01	0.095	0.091	0.091	0.093	0.093	0.092	0.099	0.102	0.096	0.222	0.244	0.229	0.292	0.306	0.33	0.321	0.394	0.374	0.306	0.405	0.384	0.35	0.367	0.291
13:00:01	0.091	0.091	0.091	0.092	0.093	0.092	0.099	0.103	0.096	0.231	0.258	0.243	0.301	0.33	0.35	0.341	0.416	0.402	0.336	0.433	0.416	0.38	0.386	0.313
13:20:01	0.092	0.091	0.091	0.092	0.093	0.092	0.099	0.103	0.097	0.242	0.268	0.255	0.317	0.344	0.369	0.363	0.445	0.434	0.366	0.459	0.439	0.411	0.421	0.341
13:40:01	0.092	0.091	0.091	0.093	0.093	0.092	0.099	0.104	0.097	0.251	0.285	0.268	0.336	0.373	0.394	0.391	0.47	0.474	0.408	0.492	0.478	0.448	0.45	0.373
14:00:01	0.091	0.091	0.091	0.097	0.093	0.092	0.099	0.104	0.097	0.259	0.302	0.287	0.359	0.402	0.421	0.426	0.501	0.511	0.45	0.532	0.513	0.495	0.495	0.408
14:20:01	0.091	0.091	0.091	0.093	0.093	0.092	0.1	0.105	0.098	0.272	0.321	0.306	0.387	0.43	0.454	0.472	0.54	0.563	0.502	0.573	0.558	0.538	0.538	0.457
14:40:01	0.091	0.091	0.091	0.098	0.093	0.092	0.1	0.105	0.098	0.287	0.343	0.327	0.421	0.472	0.496	0.52	0.589	0.615	0.558	0.617	0.605	0.601	0.585	0.505
15:00:01	0.091	0.091	0.09	0.093	0.093	0.092	0.1	0.106	0.098	0.309	0.369	0.349	0.462	0.515	0.538	0.578	0.631	0.674	0.629	0.671	0.653	0.66	0.641	0.567
15:20:01	0.091	0.091	0.091	0.092	0.093	0.092	0.1	0.106	0.099	0.333	0.396	0.381	0.514	0.569	0.59	0.64	0.68	0.738	0.694	0.721	0.716	0.724	0.694	0.629
15:40:01	0.091	0.091	0.09	0.092	0.093	0.092	0.101	0.107	0.099	0.364	0.431	0.41	0.574	0.619	0.645	0.706	0.731	0.803	0.758	0.78	0.772	0.795	0.757	0.7
16:00:01	0.091	0.091	0.09	0.096	0.093	0.092	0.101	0.107	0.099	0.395	0.472	0.445	0.636	0.681	0.7	0.78	0.784	0.856	0.825	0.834	0.824	0.86	0.816	0.767
16:20:01	0.104	0.091	0.09	0.092	0.093	0.092	0.102	0.109	0.1	0.44	0.516	0.488	0.703	0.744	0.759	0.848	0.841	0.919	0.885	0.892	0.882	0.926	0.877	0.844
16:40:01	0.106	0.091	0.09	0.092	0.093	0.092	0.102	0.11	0.101	0.49	0.566	0.536	0.775	0.808	0.818	0.915	0.897	0.978	0.952	0.949	0.945	0.993	0.938	0.915
17:00:01	0.091	0.091	0.091	0.092	0.093	0.092	0.103	0.111	0.102	0.549	0.616	0.591	0.844	0.877	0.882	0.982	0.951	1.039	1.022	1.007	1.004	1.059	1.001	0.987
17:20:01	0.091	0.091	0.09	0.092	0.092	0.092	0.103	0.113	0.102	0.614	0.68	0.648	0.916	0.938	0.941	1.047	1.007	1.097	1.086	1.06	1.062	1.122	1.062	1.059
17:40:01	0.091	0.091	0.09	0.092	0.092	0.092	0.104	0.113	0.103	0.687	0.738	0.709	0.986	0.999	1.003	1.117	1.064	1.154	1.153	1.118	1.12	1.198	1.12	1.144
18:00:01	0.091	0.091	0.09	0.092	0.093	0.092	0.105	0.114	0.104	0.758	0.804	0.772	1.052	1.059	1.063	1.191	1.12	1.225	1.221	1.181	1.177	1.252	1.191	1.209
18:20:01	0.091	0.091	0.09	0.092	0.093	0.092	0.106	0.116	0.105	0.829	0.867	0.839	1.131	1.118	1.119	1.252	1.18	1.277	1.277	1.243	1.243	1.305	1.248	1.268
18:40:01	0.091	0.091	0.09	0.092	0.093	0.092	0.107	0.118	0.106	0.903	0.931	0.903	1.2	1.19	1.19	1.308	1.243	1.326	1.327	1.293	1.291	1.356	1.294	1.324
19:00:01	0.091	0.091	0.09	0.092	0.093	0.092	0.108	0.119	0.107	0.973	0.993	0.968	1.257	1.247	1.246	1.361	1.293	1.369	1.376	1.343	1.335	1.402	1.341	1.376
19:20:01	0.091	0.091	0.09	0.092	0.092	0.092	0.109	0.121	0.109	1.044	1.056	1.03	1.313	1.297	1.296	1.411	1.339	1.415	1.416	1.388	1.381	1.442	1.386	1.423
19:40:01	0.091	0.091	0.09	0.092	0.093	0.092	0.111	0.123	0.11	1.121	1.118	1.092	1.365	1.344	1.346	1.456	1.386	1.456	1.457	1.432	1.422	1.478	1.43	1.464
20:00:01	0.091	0.091	0.09	0.092	0.092	0.092	0.112	0.126	0.112	1.196	1.191	1.162	1.415	1.39	1.393	1.494	1.43	1.493	1.492	1.472	1.463	1.509	1.465	1.5
20:20:01	0.091	0.091	0.09	0.092	0.092	0.092	0.113	0.128	0.114	1.256	1.25	1.227	1.46	1.438	1.436	1.528	1.468	1.526	1.522	1.507	1.499	1.539	1.499	1.532
20:40:01	0.091	0.091	0.09	0.092	0.092	0.092	0.114	0.13	0.116	1.313	1.302	1.279	1.498	1.476	1.474	1.558	1.507	1.553	1.552	1.54	1.527	1.565	1.531	1.561
21:00:01	0.091	0.091	0.09	0.092	0.093	0.092	0.116	0.133	0.118	1.366	1.353	1.33	1.529	1.515	1.51	1.584	1.543	1.581	1.577	1.568	1.556	1.589	1.556	1.587
21:20:01	0.091	0.091	0.09	0.092	0.092	0.092	0.118	0.136	0.121	1.416	1.403	1.38	1.561	1.546	1.542	1.61	1.571	1.606	1.602	1.596	1.586	1.613	1.585	1.609
21:40:01	0.091	0.091	0.09	0.092	0.092	0.092	0.12	0.139	0.124	1.461	1.446	1.426	1.585	1.605	1.574	1.631	1.603	1.63	1.625	1.622	1.609	1.632	1.608	1.629
22:00:01	0.091	0.091	0.09	0.092	0.092	0.092	0.122	0.142	0.127	1.5	1.492	1.468	1.61	1.642	1.601	1.651	1.628	1.651	1.646	1.645	1.632	1.651	1.628	1.647
22:20:01	0.091	0.091	0.09	0.092	0.092	0.092	0.125	0.145	0.13	1.532	1.531	1.504	1.631	1.666	1.626	1.67	1.65	1.67	1.664	1.666	1.655	1.668	1.649	1.663
22:40:01	0.091	0.091	0.09	0.092	0.092	0.092	0.128	0.152	0.135	1.561	1.559	1.539	1.651	1.694	1.648	1.686	1.671	1.687	1.682	1.686	1.674	1.683	1.665	1.677
23:00:01	0.091	0.091	0.09	0.097	0.092	0.092	0.132	0.155	0.139	1.585	1.619	1.607	1.669	1.723	1.67	1.703	1.691	1.704	1.7	1.704	1.69	1.698	1.681	1.691
23:20:01	0.091	0.091	0.09	0.093	0.092	0.092	0.136	0.163	0.144	1.611	1.652	1.624	1.687	1.739	1.691	1.718	1.709	1.719	1.716	1.722	1.708	1.711	1.696	1.704
23:40:01	0.09	0.091	0.09	0.092	0.092	0.092	0.141	0.169	0.151	1.633	1.687	1.678	1.702	1.745	1.716	1.732	1.728	1.734	1.729	1.738	1.722	1.724	1.709	1.715
24:00:01	0.091	0.091	0.09	0.092	0.092	0.092	0.145	0.179	0.159	1.653	1.706	1.711	1.716	1.758	1.738	1.744	1.744	1.748	1.74	1.756	1.734	1.735	1.721	1.726
24:20:01	0.091	0.091	0.09	0.092	0.093	0.092	0.151	0.188	0.169	1.672	1.725	1.732	1.729	1.77	1.76	1.755	1.757	1.76	1.754	1.768	1.749	1.747	1.733	1.736
24:40:01	0.09	0.091	0.09	0.092	0.092	0.092	0.16	0.199	0.179	1.689	1.732	1.741	1.742	1.785	1.773	1.766	1.773	1.774	1.766	1.782	1.764	1.757	1.743	1.746
25:00:01	0.09	0.091	0.09	0.091	0.093	0.092	0.169	0.212	0.192	1.706	1.749	1.755	1.755	1.796	1.784	1.779	1.783	1.786	1.78	1.793	1.775	1.767	1.751	1.754
25:20:01	0.09	0.091	0.09	0.092	0.093	0.092	0.178	0.228	0.206	1.72	1.763	1.769	1.766	1.816	1.8	1.79	1.792	1.796	1.788	1.806	1.786	1.774	1.76	1.762
25:40:01	0.09	0.091	0.09	0.092	0.092	0.092	0.191	0.246	0.223	1.736	1.777	1.784	1.777	1.831	1.809	1.796	1.799	1.804	1.798	1.815	1.795	1.783	1.768	1.766
26:00:01	0.09	0.09	0.09	0.092	0.093	0.092	0.203	0.266	0.244	1.749	1.79	1.799	1.786	1.841	1.82	1.803	1.808	1.811	1.803	1.823	1.8	1.79	1.775	1.767
26:20:01	0.09	0.091	0.09	0.092	0.092	0.092	0.222	0.29	0.268	1.76	1.8	1.81	1.793	1.843	1.827	1.806	1.817	1.82	1.813	1.832	1.809	1.794	1.782	1.766
26:40:01	0.09	0.09	0.09	0.092	0.092	0.092	0.244	0.318	0.299	1.77	1.813	1.824	1.798	1.847	1.837	1.806	1.825	1.825	1.817	1.836	1.817	1.794	1.787	1.769
27:00:01	0.09	0.091	0.09	0.091	0.092	0.092	0.266	0.35	0.331	1.781	1.821	1.833	1.8	1.859	1.846	1.811	1.829	1.83	1.82	1.845	1.821	1.796	1.792	1.771
27:20:01	0.09	0.09	0.09	0.092	0.092	0.092	0.293	0.385	0.369	1.792	1.83	1.844	1.802	1.868	1.85	1.816	1.833	1.833	1.823	1.848	1.826	1.802	1.793	1.771
27:40:01	0.091	0.091	0.09	0.092	0.092	0.092	0.326	0.427	0.412	1.8	1.84	1.852	1.81	1.87	1.857	1.819	1.837	1.832	1.824	1.846	1.83	1.803	1.796	1.772
28:00:01	0.09	0.091	0.09	0.092	0.093	0.092	0.363	0.473	0.46	1.807	1.849	1.86	1.812	1.874	1.859	1.821	1.841	1.841	1.834	1.857	1.831	1.806	1.798	1.772
28:20:01	0.09	0.09	0.09	0.092	0.092	0.092	0.401	0.523	0.511	1.811	1.854	1.868	1.816	1.877	1.864	1.822	1.847	1.844	1.836	1.863	1.837	1.809	1.803	1.773
28:40:01	0.09	0.091	0.09	0.092	0.092	0.092	0.445	0.578	0.567	1.812	1.864	1.873	1.819	1.877	1.873	1.827	1.853	1.845	1.835	1.863	1.833	1.81	1.805	1.772